image: marsyard_1.pgm
resolution: 0.050000
origin: [-10.500942, -6.791385, 0.000000]
negate: 0
occupied_thresh: 0.65
free_thresh: 0.196

